$ANSIBLE_VAULT;1.1;AES256
32626630373834386463363766613738393063373563383337373865313262323261633436353438
6234346530656363646630623231346666373162373437660a636263633431386332653736343439
39313363366632363463336231623530303564303933363036363762383834613066646139366136
3663666466333438360a303134316466323031303638643761333638663031656666336236356336
32343039396633393836353733656333346236633066623130643864633734306233356335353037
35616561636461353062313664316562353430623039363164333735333362373335366333653565
66643638313362373466663138626161346163336135373931646363653237353066663931313937
34383636623931396232653766396466336663646566333466356366623064323865646537386431
38323336643732653366383630306462663832393331323733643834343830643363326232663931
37653064623866343537376236666662326463323137396430303932303464613832386338353431
35363732623732376638633834626430376331643664363934333036373130313333353836343462
38323865653363666366323938663161636631373264323837393430336562383665636162643365
32383136366439323731663037353932363464326564306561643065633337333936323862663738
63633232636561663631356266366634643761303765336433613831333638663731363937656232
66363035636439653264653539303139646637383962633165353864386335383231303566333063
39313033363031653639346137663035306162383364363038616363626563643262633164323733
39333662343334316138636533313736313530633138643536653566393530323336626333383033
38326335353364326534666562636136383632356463633134663535643034356630613138653631
65313634313663363164313530346330333665376530656662353538396434613430306330313131
34323365383063643430333933333265383931393137353366333434343336366366373738636161
33393634643239356666396464663666323961376233303566353861313462623437326437373437
63313230613637373339366238346265373332653137306231653231366234663436363164633862
38323430326236373734623239363932333964386434366365366237623664613930343261623237
30303132643165356530343731636338326165393332643838353836306436636261376330633337
64623039666664383461326463633631653533643934646136636133353531653964333464363464
32643437626563653930323265623135663438653534613437366436393064313338616237666633
66626364303863613433396563633638326164356135366335383764623132343861363936336137
31666363333561396338323131623433623064323734656232316561353438393864303439383565
38373763356663633033653462633433393835663836396530643738303731656533336530313366
34626664616235333061306663376164643632333335333666386433353537663035326163653863
30323233653732626664343633336465373964316332616131623739303564363439636338373731
33363739313334616530626264623264346437363464613138326462393638306362306461326365
34373865393935363434303535396530346237666535633462303165313637323864376163333462
6266623132393563613964326537316334323061316661313665
